12700
891754137
131801.271000
0.707481
37092236.000000
216598
863626518
135901.020000
0.739262
38758490.000000
8162
894554025
141977.492000
0.750256
39334868.000000
115607
893012839
146151.744000
0.710183
37233927.000000
1491
850704802
120055.822000
0.682062
35759577.000000
36001
904573284
148244.461000
0.762863
39995850.000000
189481
895760368
128383.132000
0.626606
32852067.000000
1506
798473140
110163.446000
0.658304
34513951.000000
252169
817235759
120273.001000
0.659642
34584117.000000
222135
803443211
115077.422000
0.668619
35054762.000000
