689614
418133731
69332.893000
0.707314
37083503.000000
1535163
428359593
70652.164000
0.713036
37383462.000000
361372
407620547
65814.955000
0.709718
37209518.000000
16155
426759355
70000.993000
0.727724
38153529.000000
285280
419150900
68282.093000
0.717474
37616170.000000
16006
410919684
65406.530000
0.692252
36293791.000000
1323635
427852453
71364.414000
0.747247
39177109.000000
27668
436349231
71682.260000
0.709783
37212918.000000
18674
437719518
73486.269000
0.751838
39417814.000000
74982
445033564
71992.519000
0.727476
38140565.000000
