22180
689058485
109822.949000
0.738123
38698774.000000
8909
627199093
102139.683000
0.728806
38210287.000000
2081
652351327
104364.072000
0.744355
39025513.000000
101846
634131401
100854.234000
0.730412
38294505.000000
128611
605203519
87156.183000
0.686570
35995927.000000
727760
670123268
105475.256000
0.734029
38484089.000000
1649
648205211
106133.710000
0.740618
38829577.000000
11110
647800696
92588.817000
0.667198
34980242.000000
1478
587014325
90139.197000
0.720224
37760312.000000
1500
612720656
95585.015000
0.804290
42167778.000000
