113263
211584379
34930.901000
0.715899
37533596.000000
22084
205855536
33012.554000
0.724844
38002560.000000
90248
213587516
35767.846000
0.785836
41200274.000000
1440894
211079062
37160.345000
0.803500
42126358.000000
1129507
211662097
38888.241000
0.804480
42177781.000000
276483
213751250
38739.544000
0.813244
42637241.000000
1897865
221415051
40431.992000
0.830760
43555602.000000
364962
221891335
40595.860000
0.835100
43783135.000000
39698
212807282
37571.683000
0.833444
43696290.000000
93190
217893912
38883.074000
0.831604
43599845.000000
