1179
744513650
46442.672000
0.648940
34023149.000000
1148
722642869
48303.896000
0.677835
35538101.000000
1006
750242060
49783.617000
0.680440
35674664.000000
3295
753614926
47555.157000
0.634615
33272110.000000
1233
753736781
50606.002000
0.673776
35325242.000000
1001
746127360
51276.663000
0.640680
33590103.000000
18181
737199918
47775.599000
0.730584
38303650.000000
1051
734676799
49778.217000
0.661336
34673070.000000
2893257
749926727
49543.118000
0.667073
34973836.000000
2151
747832710
49834.674000
0.676474
35466717.000000
