22883
652572039
45341.197000
0.696105
36495958.000000
1035
649429454
43321.918000
0.654358
34307213.000000
126888
650727159
42719.936000
0.670730
35165587.000000
1632
637188651
42763.420000
0.669215
35086159.000000
1395
650679651
42519.400000
0.664821
34855749.000000
73718
641497144
47156.813000
0.668196
35032709.000000
10390
640982392
41774.706000
0.653871
34281663.000000
1005
652954310
43866.164000
0.662651
34741973.000000
1050
668599197
46360.743000
0.691517
36255420.000000
1003
657100235
42744.960000
0.655841
34384946.000000
