4557820
162662871
12099.204000
0.727922
38164086.000000
11107836
159320996
11349.255000
0.727766
38155903.000000
6444047
161480518
10781.639000
0.772840
40519058.000000
8389740
159177554
10116.006000
0.768114
40271305.000000
3038220
162711644
9806.242000
0.774215
40591180.000000
7439411
162970103
11374.624000
0.749480
39294363.000000
12616633
159377732
10750.055000
0.742821
38945220.000000
10537156
160069620
10105.513000
0.757626
39721434.000000
9627290
162711928
9819.499000
0.790988
41470566.000000
3745958
157105789
11193.570000
0.740809
38839749.000000
