214463
243542048
18680.357000
0.665774
34905710.000000
1029450
238625138
17371.939000
0.657046
34448108.000000
3068450
241420740
17403.864000
0.663262
34774010.000000
4930643
236843013
16515.920000
0.661360
34674287.000000
60106
242228314
16691.169000
0.668774
35062996.000000
5161040
246971590
17241.482000
0.646974
33920086.000000
1423362
246097819
16283.980000
0.648064
33977213.000000
16861
242160713
16522.742000
0.646341
33886880.000000
1712
242579804
14655.410000
0.705475
36987207.000000
88682
239556915
17038.632000
0.666996
34969817.000000
