922173
400206981
26693.944000
0.658425
34520446.000000
8420
426159927
27964.664000
0.658328
34515331.000000
5181664
389494477
26692.818000
0.640995
33606621.000000
278572
404903422
26489.051000
0.684145
35868893.000000
34497
413362379
27125.035000
0.649374
34045921.000000
3431
392132156
26834.177000
0.641182
33616379.000000
1031
400080718
27103.699000
0.674830
35380507.000000
779750
411058907
27495.676000
0.688282
36085820.000000
1006
405021557
26967.230000
0.653932
34284848.000000
1001114
401708306
26577.311000
0.666676
34953005.000000
