67420
557599615
38032.623000
0.653317
34252618.000000
2542
568930695
37092.376000
0.687017
36019456.000000
1518
565468729
38194.974000
0.660126
34609630.000000
1066
562767291
36583.109000
0.681878
35750035.000000
2432
559292665
36001.042000
0.645506
33843131.000000
1248552
577180379
39061.644000
0.647522
33948823.000000
16889
584263937
40293.966000
0.716628
37571959.000000
223788
566120074
37804.761000
0.679618
35631574.000000
1467
557194229
36156.240000
0.663114
34766294.000000
314122
573913389
40303.343000
0.677729
35532503.000000
