4940612
320277315
23728.843000
0.655768
34381114.000000
200236
322825444
21508.312000
0.661183
34665024.000000
30798
316003203
20978.499000
0.657522
34473092.000000
4930597
318991090
21540.563000
0.659242
34563264.000000
1264427
332924156
23306.225000
0.679474
35623990.000000
690345
330538094
22029.948000
0.657765
34485814.000000
64849
327352384
20922.102000
0.655548
34369598.000000
12469
338472848
23028.509000
0.637042
33399322.000000
172035
320621930
21504.753000
0.650696
34115202.000000
7348
322851469
22486.394000
0.645042
33818799.000000
