8080909
80635518
6315.482000
0.619743
32492388.000000
6496760
78462735
5933.080000
0.633529
33215174.000000
6259475
81398210
6126.592000
0.602055
31565031.000000
2196226
79435633
6201.958000
0.618803
32443087.000000
4191557
79623452
6321.866000
0.625596
32799266.000000
994024
82163479
6581.458000
0.615561
32273114.000000
6335182
77311785
6069.022000
0.607578
31854593.000000
1600826
83236175
6515.442000
0.643834
33755469.000000
5816034
81331333
6123.119000
0.636934
33393703.000000
1426626
83587540
6402.032000
0.631715
33120050.000000
