327815
160429213
12148.443000
0.664144
34820268.000000
9697056
162359027
11046.074000
0.665548
34893883.000000
8098887
162930047
11793.982000
0.627178
32882164.000000
4035608
162649592
10162.855000
0.680335
35669132.000000
7582000
159234920
10721.792000
0.663430
34782840.000000
310476
161108905
11230.458000
0.648607
34005677.000000
5214398
162314870
11569.625000
0.626293
32835796.000000
3271
163501419
9291.832000
0.644521
33791482.000000
3754364
160319584
8976.029000
0.618594
32432150.000000
251057
156077835
8752.834000
0.620375
32525542.000000
