26665
800520481
49029.040000
0.641972
33657796.000000
1008
818295691
54155.212000
0.669536
35102966.000000
134202
828012223
51741.655000
0.635399
33313219.000000
1019
799596777
58880.834000
0.684626
35894103.000000
194397
805968697
54005.173000
0.655452
34364546.000000
1001
814753158
54571.286000
0.670291
35142565.000000
13632
807326591
52973.822000
0.667407
34991350.000000
2687
794305221
53813.481000
0.665829
34908594.000000
1309
788961053
51575.485000
0.661899
34702581.000000
1001
822751962
55360.159000
0.658489
34523773.000000
