1283
490110355
31368.009000
0.661789
34696805.000000
997620
488055930
32232.271000
0.690504
36202272.000000
2158
496898011
32190.489000
0.676304
35457818.000000
1003
467083612
31236.897000
0.690525
36203391.000000
2380935
487817582
34112.804000
0.627681
32908565.000000
6624
501171934
34765.703000
0.732671
38413062.000000
1004
497989476
33355.761000
0.680806
35693831.000000
2854
477175095
33208.117000
0.671507
35206304.000000
3327
485399262
32845.728000
0.640233
33566623.000000
184506
485214705
33302.639000
0.637425
33419432.000000
