922173
2390536,187111,160
30088.459000
46.608667
2443636460.000000
8420
2503384,178567,160
32321.846000
44.530953
2334704404.000000
5181664
2295984,203923,412
29815.875000
45.511797
2386128880.000000
278572
2450248,174679,160
29311.014000
46.340238
2429563046.000000
34497
2471576,174091,160
30052.289000
46.643923
2445484884.000000
922173
2389716,187111,160
29886.273000
46.093568
2416630442.000000
8420
2503000,178579,160
31172.922000
41.132756
2156541013.000000
5181664
2297040,203919,412
30380.117000
41.601937
2181139655.000000
278572
2450100,174683,160
26844.944000
42.459036
2226076285.000000
34497
2472148,174103,160
28192.649000
42.137079
2209196509.000000
