169206
883262,277131,160
24738.957000
54.215930
2842476143.000000
669123
832842,289199,160
25971.364000
54.465559
2855563877.000000
3895879
944561,278731,160
25378.277000
48.043094
2518841777.000000
3613253
845398,282031,160
20656.846000
41.424856
2171855507.000000
1844122
1017341,271639,160
20439.883000
40.058369
2100212222.000000
169206
883610,277135,160
20779.306000
40.087976
2101764465.000000
669123
833030,289207,160
20775.260000
40.341162
2115038718.000000
3895879
944865,278739,160
20951.399000
40.177983
2106483418.000000
3613253
845642,282035,160
20761.592000
40.067641
2100698319.000000
1844122
1016593,271631,160
19886.538000
40.226892
2109047673.000000
